     0 -14378  -3750 -19158  -5449   7749 -15353  -1281 -51579 -22896 
-14378      0 -34247  18973  26176 -13494  23405  10125   2168  21607 
 -3750 -34247      0 -39338 -30669  -3859 -36836 -19860 -73096 -45563 
-19158  18973 -39338      0  19141 -16574  17604   7540   6837  18403 
 -5449  26176 -30669  19141      0  -6784  20448  15634   2237  22312 
  7749 -13494  -3859 -16574  -6784      0 -11165    497 -48633 -21329 
-15353  23405 -36836  17604  20448 -11165      0   8051   4755  16602 
 -1281  10125 -19860   7540  15634    497   8051      0 -21216   3052 
-51579   2168 -73096   6837   2237 -48633   4755 -21216      0  10926 
-22896  21607 -45563  18403  22312 -21329  16602   3052  10926      0 
